office 12 6
1 2 3 3 3 3 3 3 8 2 3 5
9 10 11 11 11 11 11 11 16 10 11 13
9 10 11 11 11 11 11 11 16 10 11 13
9 10 11 11 11 11 11 11 40 10 11 13
9 10 11 11 11 11 11 30 11 11 11 13
25 26 26 26 26 26 26 30 26 26 26 29
collision 24 12 8
1 1 1 1 1 1 1 1 1 1 1 1 1 1 1 1 1 1 1 1 1 1 1 1
1 1 1 1 1 1 1 1 1 1 1 1 1 1 1 1 1 1 1 1 0 0 1 1
1 1 0 0 0 0 0 0 0 0 0 0 0 0 0 0 0 1 0 0 0 0 1 1
1 1 0 0 0 0 0 0 0 0 0 0 0 0 0 0 0 1 0 0 0 0 1 1
1 1 0 0 0 0 0 0 0 0 0 0 0 0 0 0 0 1 0 0 0 0 1 1
1 1 0 0 0 0 0 0 0 0 0 0 0 0 0 0 0 1 0 0 0 0 1 1
1 1 0 0 0 0 0 0 0 0 0 0 0 0 0 0 0 1 0 0 0 0 1 1
1 1 0 0 0 0 0 0 0 0 0 0 0 0 0 0 0 1 0 0 0 0 1 1
1 1 0 0 0 0 0 0 0 0 0 0 0 0 0 0 0 0 0 0 0 0 1 1
1 1 0 0 0 0 0 0 0 0 0 0 0 0 0 0 0 0 0 0 0 0 1 1
1 1 1 1 1 1 1 1 1 1 1 1 1 1 1 1 1 1 1 1 1 1 1 1
1 1 1 1 1 1 1 1 1 1 1 1 1 1 1 1 1 1 1 1 1 1 1 1
entities 19
elevator 160 0 0
plant 149 16 0
desk 27 17 0
desk 115 17 0
desk 27 57 0
chair 25 63 0
water 97 20 0
bookstand 68 18 0
lack 83 45 0
npc_employee 69 45 0
employee 161 41 1
plant 53 16 0
plant 49 56 0
chair 117 27 0
npc_employee 89 33 0
npc_employee 81 61 0
plant 169 72 0
npc_employee 37 33 0
chair 29 27 0
